$ANSIBLE_VAULT;1.1;AES256
65623463306233303137643431363539343066626339633861616666303131373736613535636366
3131666433386331646134356537633031353765366333340a386261373933336433663838663964
39313532653264663737663034643566666535383262333837313139613531303536616330323635
3161353931396238660a376663363566303130376261636263376536313533313534646538333766
62386462613262376365653763316333353339636662346431613036336465373931363632616164
62316564646439393732313538343862306435653137663136333963333166363335396430373538
61333738633135343031336264653136636665626336646630633761363332323835376362346134
39663139306530616336613065643030383861353766623138396463396532306631643064363831
33663830653630613766353865633133383432343530336238313062303131353964663536323435
64616132353132623961373561633838336637306536383135613666323530396432323434646634
65366332613562303635333661663266306233353634353930343935653933313138636536653637
38373935383637333063
